version https://git-lfs.github.com/spec/v1
oid sha256:450c73be62da0972844d33e1310f838859fc5c04841e2edc231fd73e6823cef3
size 186551
