version https://git-lfs.github.com/spec/v1
oid sha256:59934ff3ce6d595a11bb81e4353444def1576b0663d3eef7e71ff9f4822d54b2
size 191221
