version https://git-lfs.github.com/spec/v1
oid sha256:b0b2e1ac1fde068a2805147374fb9404bfa7518a4697bed2c1fa61e1d35572c2
size 158259
