version https://git-lfs.github.com/spec/v1
oid sha256:fe0e50d0efd11fb1acab170a5b5fab0217130164f137a0a70ba3c6a36e3a6bbb
size 147466
